Date,Open,High,Low,Last
12.04.2016,18.85,18.9,18.7,18.9
11.04.2016,18.8,18.9,18.7,18.9
08.04.2016,18.4,18.54,18.4,18.5
07.04.2016,18.85,18.85,18.36,18.39
06.04.2016,18.55,18.65,18.5,18.63
05.04.2016,18.65,18.7,18.5,18.58
04.04.2016,18.9,18.9,18.9,18.9
01.04.2016,19.1,19.15,18.7,18.87
31.03.2016,18.4,19.05,18.4,18.9
30.03.2016,18.4,18.65,18.35,18.6
29.03.2016,17.95,18.25,17.95,18.15
23.03.2016,17.75,18.05,17.75,17.9
22.03.2016,17.75,17.9,17.55,17.86
21.03.2016,17.65,18,17.6,17.88
18.03.2016,17.7,18.1,17.65,18.05
17.03.2016,17.75,17.78,17.55,17.73
16.03.2016,17.73,17.8,17.5,17.55
15.03.2016,17.95,17.99,17.68,17.68
14.03.2016,18.15,18.2,17.95,18.01
11.03.2016,18.4,18.45,18.05,18.35
10.03.2016,18.25,18.47,18.1,18.21
09.03.2016,18.25,18.35,18,18.32
08.03.2016,18.4,18.55,18.2,18.29
07.03.2016,17.8,18.2,17.8,18.18
04.03.2016,17.45,17.7,17.45,17.6
03.03.2016,17.5,17.65,17.36,17.4
02.03.2016,17.5,17.6,17.4,17.6
01.03.2016,17.55,17.7,17.5,17.6
29.02.2016,17.5,17.5,17.31,17.4
26.02.2016,17.75,17.8,17.6,17.62
25.02.2016,17.2,17.5,17.2,17.48
24.02.2016,17.35,17.35,17.1,17.25
23.02.2016,17.65,17.85,17.6,17.65
22.02.2016,17.55,17.8,17.5,17.8
19.02.2016,17.55,17.6,17.25,17.35
18.02.2016,17.15,17.45,17.15,17.45
17.02.2016,16.6,16.9,16.6,16.8
16.02.2016,16.53,16.53,16.2,16.47
15.02.2016,16.4,16.45,16.35,16.4
12.02.2016,16.5,16.65,16.5,16.6
11.02.2016,16.6,16.6,16.2,16.3
10.02.2016,16.65,16.7,16.5,16.5
09.02.2016,17.3,17.3,16.85,16.89
08.02.2016,17.36,17.4,17.2,17.25
05.02.2016,17.69,17.69,17.45,17.55
04.02.2016,17.75,17.8,17.65,17.8
03.02.2016,17.7,17.9,17.7,17.87
02.02.2016,17.8,17.8,17.59,17.6
01.02.2016,18.5,18.5,17.95,17.95
29.01.2016,18.12,18.45,17.95,18.45
28.01.2016,18.25,18.3,18.1,18.25
27.01.2016,17.8,18.05,17.8,18
26.01.2016,17.5,17.75,17.5,17.7
25.01.2016,17.9,17.9,17.6,17.7
22.01.2016,18.05,18.25,17.95,18.2
21.01.2016,17.8,17.8,17.61,17.65
20.01.2016,17.85,18.05,17.75,18.05
19.01.2016,18.3,18.4,18.2,18.26
18.01.2016,18.1,18.39,17.9,18.35
15.01.2016,18.3,18.3,17.85,17.92
14.01.2016,18.5,18.5,18.25,18.45
13.01.2016,18.8,18.95,18.65,18.72
12.01.2016,18.75,18.75,18.54,18.55
11.01.2016,19.65,19.65,18.95,19.14
08.01.2016,20.4,20.4,19.95,19.95
07.01.2016,20.5,20.75,20.4,20.45
06.01.2016,21.04,21.04,20.8,20.8
05.01.2016,21.5,21.5,20.8,20.85
04.01.2016,21.4,21.4,21.3,21.38
30.12.2015,21.2,21.35,21.1,21.32
29.12.2015,21.2,21.3,21.05,21.15
28.12.2015,21.2,21.35,21.1,21.1
23.12.2015,20.3,20.35,20.15,20.35
22.12.2015,20.25,20.4,20.2,20.4
21.12.2015,20,20.2,19.95,20.2
18.12.2015,19.8,20.15,19.75,20.13
17.12.2015,19.7,20.05,19.6,19.95
16.12.2015,19.5,19.85,19.5,19.8
15.12.2015,18.65,19.45,18.65,19.45
14.12.2015,18.9,18.9,18.4,18.6
11.12.2015,19.45,19.45,19.25,19.4
10.12.2015,19.77,19.85,19.75,19.85
09.12.2015,20.05,20.05,19.8,19.99
08.12.2015,20.3,20.35,20.1,20.15
07.12.2015,20.6,20.6,20.33,20.38
04.12.2015,20.7,20.75,20.65,20.7
03.12.2015,20.7,20.7,20.55,20.6
02.12.2015,20.85,20.86,20.75,20.78
01.12.2015,20.8,20.9,20.8,20.86
30.11.2015,20.75,20.9,20.75,20.8
27.11.2015,20.85,20.9,20.8,20.85
26.11.2015,20.95,21,20.85,20.9
25.11.2015,20.9,20.9,20.76,20.9
24.11.2015,21.1,21.1,20.95,21.04
23.11.2015,21.25,21.25,21.1,21.1
20.11.2015,21.4,21.55,21.25,21.3
19.11.2015,21.4,21.5,21.3,21.45
18.11.2015,21.15,21.3,21.1,21.29
17.11.2015,21.14,21.31,21.05,21.25
16.11.2015,21.4,21.45,21.15,21.23
13.11.2015,21.3,21.3,21.19,21.22
12.11.2015,21.25,21.25,21.1,21.2
11.11.2015,22.2,22.2,21.64,21.64
10.11.2015,22.3,22.3,22.15,22.15
09.11.2015,22.5,22.5,22.3,22.3
06.11.2015,22.79,22.79,22.65,22.7
05.11.2015,22.9,22.95,22.65,22.67
04.11.2015,22.85,22.95,22.85,22.85
03.11.2015,22.85,22.9,22.7,22.87
02.11.2015,22.8,22.95,22.77,22.95
30.10.2015,23.1,23.15,23.1,23.14
29.10.2015,23.1,23.3,23.05,23.18
28.10.2015,23,23.1,22.95,23.08
27.10.2015,23.1,23.15,23,23.06
26.10.2015,23,23,23,23
23.10.2015,22.85,23.05,22.85,23
22.10.2015,22.6,22.8,22.6,22.8
21.10.2015,22.95,22.95,22.75,22.8
20.10.2015,23.05,23.05,23,23
19.10.2015,23.3,23.35,23.05,23.1
16.10.2015,23,23.2,23,23.15
15.10.2015,23.15,23.15,23.01,23.04
14.10.2015,23.1,23.35,23.1,23.35
13.10.2015,23.4,23.4,23.18,23.18
12.10.2015,23.35,23.6,23.35,23.55
09.10.2015,23.4,23.51,23.4,23.53
08.10.2015,23.3,23.3,23.1,23.15
07.10.2015,23.3,23.55,23.3,23.33
06.10.2015,23.15,23.25,23.15,23.25
05.10.2015,23.2,23.31,23.05,23.05
02.10.2015,22.75,22.8,22.75,22.8
01.10.2015,23.05,23.15,22.85,22.85
30.09.2015,22.7,23.15,22.7,22.85
29.09.2015,22.4,22.55,22.35,22.55
28.09.2015,22.65,22.65,22.45,22.45
25.09.2015,22.9,23,22.9,23
24.09.2015,23.2,23.2,22.9,22.9
23.09.2015,23.22,23.35,23.2,23.27
22.09.2015,23.35,23.35,23.15,23.15
21.09.2015,23.2,23.3,23.1,23.25
18.09.2015,23.6,23.6,23.45,23.51
17.09.2015,24,24,23.69,23.72
16.09.2015,24,24,23.85,23.9
15.09.2015,24.45,24.45,24,24.02
14.09.2015,24.6,24.67,24.55,24.55
11.09.2015,24.65,24.7,24.65,24.6
10.09.2015,24.9,24.9,24.8,24.8
09.09.2015,24.6,24.75,24.6,24.78
08.09.2015,24.55,24.75,24.55,24.68
07.09.2015,24.75,24.75,24.55,24.6
04.09.2015,25.45,25.55,24.85,24.95
03.09.2015,24.9,25.05,24.85,25.05
02.09.2015,24.75,24.86,24.75,24.85
01.09.2015,25,25,24.78,24.74
31.08.2015,25.41,25.41,24.95,24.95
28.08.2015,25.35,25.45,25.25,25.38
27.08.2015,24.78,25.1,24.75,25.1
26.08.2015,25,25,24.5,24.65
25.08.2015,24.95,25,24.95,25
24.08.2015,25.4,25.4,24.8,24.85
21.08.2015,25.95,26,25.8,25.83
20.08.2015,26.35,26.35,26.15,26.2
19.08.2015,26.3,26.35,26.28,26.35
18.08.2015,26.6,26.6,26.45,26.45
17.08.2015,26.81,26.81,26.7,26.7
14.08.2015,26.85,26.85,26.71,26.75
13.08.2015,27.05,27.09,26.9,26.9
12.08.2015,26.75,26.85,26.75,26.8
11.08.2015,26.45,26.55,26.45,26.48
10.08.2015,26.45,26.45,26.35,26.35
07.08.2015,26.6,26.6,26.3,26.35
06.08.2015,26.65,26.7,26.6,26.68
05.08.2015,26.75,26.75,26.51,26.51
04.08.2015,26.8,26.8,26.63,26.64
03.08.2015,26.95,26.95,26.63,26.7
31.07.2015,27.25,27.25,26.95,26.98
30.07.2015,27.45,27.45,27.35,27.36
29.07.2015,27.4,27.55,27.4,27.46
28.07.2015,27.46,27.46,27.4,27.41
27.07.2015,27.6,27.6,27.55,27.6
24.07.2015,27.7,27.75,27.65,27.68
23.07.2015,27.6,27.6,27.5,27.55
22.07.2015,27.45,27.6,27.45,27.55
21.07.2015,27.55,27.65,27.5,27.6
20.07.2015,27.3,27.45,27.3,27.48
17.07.2015,27.25,27.45,27.25,27.4
16.07.2015,27.3,27.35,27.3,27.35
15.07.2015,27.55,27.55,27.45,27.45
14.07.2015,27.7,27.7,27.55,27.55
13.07.2015,27.55,27.75,27.55,27.7
10.07.2015,28,28.05,27.55,27.56
09.07.2015,27.75,27.95,27.7,27.88
08.07.2015,27.5,27.6,27.5,27.53
07.07.2015,27.35,27.45,27.3,27.4
06.07.2015,27.3,27.3,27.3,27.33
03.07.2015,27.4,27.55,27.4,27.45
02.07.2015,26.9,27.22,26.9,27.21
01.07.2015,27.4,27.4,27.1,27.1
30.06.2015,27.05,27.35,27,27.28
29.06.2015,27.4,27.4,27.3,27.3
26.06.2015,27.65,27.7,27.6,27.6
25.06.2015,27.82,27.87,27.65,27.7
24.06.2015,27.6,27.8,27.55,27.64
23.06.2015,26.75,27.75,26.75,27.39
22.06.2015,26.8,26.85,26.8,26.82
19.06.2015,26.7,26.7,26.7,26.7
18.06.2015,26.7,26.7,26.65,26.71
17.06.2015,26.7,26.7,26.65,26.65
16.06.2015,26.7,26.7,26.6,26.61
15.06.2015,27.05,27.05,26.8,26.8
12.06.2015,27.01,27.05,27,27
11.06.2015,27.2,27.2,26.95,26.96
10.06.2015,27.1,27.3,27.1,27.2
09.06.2015,27.05,27.1,27.05,27.18
08.06.2015,27.35,27.35,27,27.03
05.06.2015,27.3,27.3,27.2,27.21
04.06.2015,27.4,27.4,27.3,27.31
03.06.2015,27.5,27.55,27.42,27.47
02.06.2015,27.4,27.5,27.4,27.4
01.06.2015,27.2,27.3,27.12,27.27
29.05.2015,27.3,27.5,27.3,27.45
28.05.2015,27.3,27.35,27.3,27.3
27.05.2015,27.1,27.2,27.05,27.21
26.05.2015,27.25,27.3,27.25,27.25
22.05.2015,26.9,27.05,26.9,27.05
21.05.2015,27.15,27.15,26.95,26.95
20.05.2015,27.5,27.5,27.25,27.3
19.05.2015,27.6,27.6,27.55,27.6
18.05.2015,27.45,27.5,27.45,27.5
15.05.2015,,,,27.45
13.05.2015,27.25,27.35,27.25,27.35
12.05.2015,27.3,27.3,27.15,27.2
11.05.2015,27.2,27.25,27.2,27.25
08.05.2015,27.1,27.15,27.1,27.15
07.05.2015,27.1,27.1,26.95,27
06.05.2015,27.15,27.22,27.15,27.2
05.05.2015,27.2,27.3,27.2,27.29
04.05.2015,27.25,27.25,27.15,27.25
30.04.2015,27.9,27.9,27.55,27.55
29.04.2015,27.7,27.85,27.7,27.85
28.04.2015,27.2,27.68,27.2,27.6
27.04.2015,27.2,27.2,27.15,27.15
24.04.2015,27.1,27.15,27.1,27.12
23.04.2015,27,27,26.95,27
22.04.2015,27.1,27.1,26.9,26.95
21.04.2015,27.2,27.2,27.15,27.15
20.04.2015,27.3,27.3,27.17,27.17
17.04.2015,27.25,27.25,27.2,27.2
16.04.2015,27.33,27.33,27.26,27.29
15.04.2015,27.2,27.25,27.2,27.25
14.04.2015,27.4,27.4,27.25,27.25
13.04.2015,27.35,27.35,27.3,27.3
10.04.2015,27.35,27.4,27.25,27.25
09.04.2015,27.5,27.5,27.45,27.45
08.04.2015,,,,27.43
07.04.2015,27.4,27.4,27.3,27.3
01.04.2015,27.65,27.7,27.65,27.65
31.03.2015,27.75,27.75,27.7,27.7
30.03.2015,27.95,28,27.85,27.85
27.03.2015,27.9,28,27.9,27.95
26.03.2015,27.8,27.85,27.8,27.78
25.03.2015,27.85,27.9,27.7,27.7
24.03.2015,27.8,27.81,27.8,27.81
23.03.2015,27.5,27.7,27.5,27.7
20.03.2015,27.35,27.7,27.35,27.65
19.03.2015,27.5,27.5,27.45,27.45
18.03.2015,27.5,27.65,27.5,27.55
17.03.2015,27.45,27.6,27.4,27.5
16.03.2015,27.6,27.65,27.6,27.5
13.03.2015,27.6,27.7,27.6,27.63
12.03.2015,27.7,27.7,27.65,27.65
11.03.2015,27.7,27.7,27.7,27.7
10.03.2015,27.6,27.65,27.55,27.65
09.03.2015,27.8,27.8,27.75,27.75
06.03.2015,27.8,27.85,27.75,27.75
05.03.2015,28,28,27.9,27.9
04.03.2015,27.97,28.15,27.97,28.05
03.03.2015,27.9,28.1,27.9,28.05
02.03.2015,27.9,28.15,27.9,28.08
27.02.2015,28.1,28.1,27.95,28
26.02.2015,28.35,28.35,28.05,28.06
25.02.2015,28.35,28.5,28.3,28.36
24.02.2015,28.26,28.35,28.25,28.3
23.02.2015,27.95,28.15,27.9,28.1
20.02.2015,28.12,28.19,27.9,28.1
19.02.2015,28.5,28.5,28.1,28.1
18.02.2015,28.5,28.5,28.4,28.4
17.02.2015,28.6,28.6,28.5,28.5
16.02.2015,28.25,28.6,28.25,28.6
13.02.2015,28.3,28.45,28.25,28.43
12.02.2015,28.19,28.25,28.19,28.25
11.02.2015,28.1,28.1,28,28.05
10.02.2015,27.95,28.1,27.89,28
09.02.2015,27.85,27.92,27.85,27.88
06.02.2015,28,28.1,27.9,27.95
05.02.2015,27.95,28.05,27.95,28
04.02.2015,28.1,28.12,27.95,27.95
03.02.2015,28.15,28.2,28.1,28.2
02.02.2015,28.4,28.4,28.2,28.25
30.01.2015,28.18,28.25,28.18,28.25
29.01.2015,28.3,28.3,28.2,28.25
28.01.2015,28,28.15,28,28.15
27.01.2015,27.95,28.05,27.95,28
26.01.2015,28.05,28.05,27.95,27.95
23.01.2015,28.3,28.3,28.21,28.25
22.01.2015,28.55,28.6,28.3,28.3
21.01.2015,28.3,28.45,28.3,28.4
20.01.2015,28.3,28.4,28.3,28.3
19.01.2015,28.1,28.2,28.1,28.15
16.01.2015,28.09,28.21,28.09,28.15
15.01.2015,28.4,28.42,28.25,28.35
14.01.2015,28.3,28.4,28.3,28.4
13.01.2015,28.25,28.35,28.25,28.35
12.01.2015,28.3,28.35,28,28.05
09.01.2015,28.35,28.45,28.35,28.4
08.01.2015,28.1,28.2,28.05,28.1
07.01.2015,27.85,28.05,27.85,28.05
06.01.2015,28.15,28.15,27.7,27.7
05.01.2015,28.2,28.2,28,28
02.01.2015,28.65,28.65,28.45,28.45
30.12.2014,28.95,29.05,28.85,29
29.12.2014,29.3,29.35,29.3,29.26
23.12.2014,29.5,29.56,29.5,29.56
22.12.2014,29.55,29.55,29.45,29.55
19.12.2014,29.65,29.75,29.65,29.7
18.12.2014,29.65,29.75,29.65,29.75
17.12.2014,29.8,29.8,29.64,29.65
16.12.2014,30.05,30.05,29.7,29.7
15.12.2014,29.9,29.9,29.9,29.9
12.12.2014,29.95,29.95,29.9,29.9
11.12.2014,29.7,29.85,29.7,29.85
10.12.2014,29.8,29.8,29.75,29.68
09.12.2014,29.7,29.7,29.7,29.7
08.12.2014,29.8,29.85,29.75,29.75
05.12.2014,30.1,30.1,30,30
04.12.2014,30.3,30.3,30,30
03.12.2014,30.3,30.35,30.3,30.35
02.12.2014,30.4,30.45,30.3,30.35
01.12.2014,30.5,30.52,30.5,30.52
28.11.2014,30.7,30.7,30.55,30.55
27.11.2014,30.8,30.8,30.75,30.75
26.11.2014,31.05,31.05,30.9,30.9
25.11.2014,30.9,30.9,30.89,30.85
24.11.2014,30.75,30.9,30.75,30.9
21.11.2014,30.6,30.6,30.6,30.6
20.11.2014,30.55,30.55,30.55,30.55
19.11.2014,30.4,30.4,30.3,30.4
18.11.2014,30.2,30.45,30.2,30.4
17.11.2014,30,30,30,30.06
14.11.2014,29.85,29.95,29.85,29.9
13.11.2014,29.8,29.85,29.8,29.85
12.11.2014,29.95,29.95,29.9,29.9
11.11.2014,30,30,29.95,29.95
10.11.2014,30.05,30.05,30.05,30.05
07.11.2014,29.75,29.95,29.75,29.93
06.11.2014,29.7,29.7,29.7,29.65
05.11.2014,29.6,29.67,29.6,29.65
04.11.2014,29.65,29.7,29.6,29.65
03.11.2014,29.4,29.65,29.4,29.65
31.10.2014,29.3,29.3,29.3,29.3
30.10.2014,29.45,29.5,29.4,29.4
29.10.2014,29.2,29.35,29.2,29.3
28.10.2014,28.9,29,28.9,29
27.10.2014,29,29,28.75,28.75
24.10.2014,29.1,29.1,29.05,29.05
23.10.2014,29.03,29.05,28.95,28.95
22.10.2014,28.95,29.12,28.95,29.12
21.10.2014,29.1,29.1,28.92,28.93
20.10.2014,29.05,29.15,29.05,29.07
17.10.2014,29.25,29.25,29.1,29.2
16.10.2014,29.35,29.35,29.25,29.25
15.10.2014,29.35,29.35,29.3,29.3
14.10.2014,29.5,29.5,29.35,29.35
13.10.2014,29.6,29.6,29.5,29.5
10.10.2014,29.9,29.95,29.81,29.82
09.10.2014,30,30,29.95,29.95
08.10.2014,29.85,29.95,29.85,29.95
07.10.2014,30.05,30.05,30,30
06.10.2014,30.2,30.2,29.9,29.9
03.10.2014,30.25,30.25,30.25,30.25
02.10.2014,30.25,30.3,30.24,30.24
01.10.2014,30.25,30.4,30.25,30.35
30.09.2014,30.15,30.31,30.11,30.31
29.09.2014,30.35,30.35,30.25,30.28
26.09.2014,30.6,30.6,30.45,30.5
25.09.2014,30.55,30.55,30.4,30.44
24.09.2014,30.4,30.55,30.4,30.51
23.09.2014,30.45,30.45,30.35,30.35
22.09.2014,30.7,30.7,30.6,30.6
19.09.2014,30.6,30.7,30.6,30.63
18.09.2014,30.45,30.45,30.4,30.45
17.09.2014,30.45,30.45,30.4,30.45
16.09.2014,30.5,30.5,30.35,30.4
15.09.2014,30.65,30.65,30.63,30.65
12.09.2014,30.85,30.85,30.75,30.75
11.09.2014,30.75,30.8,30.7,30.7
10.09.2014,30.8,30.85,30.75,30.77
09.09.2014,31.05,31.1,30.83,30.82
08.09.2014,30.85,30.9,30.85,30.9
05.09.2014,30.9,30.9,30.85,30.9
04.09.2014,31,31,30.85,30.85
03.09.2014,30.9,31,30.9,30.97
02.09.2014,31.2,31.25,31.05,31.05
01.09.2014,30.85,31.15,30.85,31.15
29.08.2014,30.45,30.5,30.45,30.45
28.08.2014,30.4,30.5,30.4,30.46
27.08.2014,30.3,30.3,30.29,30.29
26.08.2014,30.3,30.3,30.25,30.25
25.08.2014,30.45,30.5,30.45,30.35
22.08.2014,30.15,30.2,30.15,30.2
21.08.2014,30,30.05,30,30.02
20.08.2014,29.9,29.9,29.89,29.89
19.08.2014,29.7,29.75,29.7,29.73
18.08.2014,29.7,29.8,29.7,29.75
15.08.2014,29.81,29.81,29.81,29.81
14.08.2014,29.9,29.9,29.85,29.85
13.08.2014,30.05,30.05,29.95,29.95
12.08.2014,29.95,30.05,29.95,29.95
11.08.2014,30.05,30.05,30.05,30.05
08.08.2014,30,30.1,30,30.1
07.08.2014,29.9,30.1,29.9,30.05
06.08.2014,29.95,30.05,29.85,29.9
05.08.2014,29.95,29.95,29.85,29.85
04.08.2014,30.45,30.45,30.15,30.17
01.08.2014,30.5,30.5,30.5,30.5
31.07.2014,30.4,30.4,30.4,30.4
30.07.2014,30.3,30.3,30.2,30.3
29.07.2014,30.6,30.6,30.25,30.3
28.07.2014,30.4,30.51,30.4,30.51
25.07.2014,30.45,30.45,30.45,30.45
24.07.2014,30.3,30.3,30.3,30.38
23.07.2014,30.15,30.25,30.15,30.25
22.07.2014,30.15,30.15,30.15,30.15
21.07.2014,30,30,30,30
18.07.2014,30.1,30.15,30.1,30.15
17.07.2014,30.27,30.27,30.25,30.13
16.07.2014,30.2,30.2,30.05,30.05
15.07.2014,30.2,30.2,30.15,30.15
14.07.2014,30.15,30.15,30.15,30.15
11.07.2014,30.05,30.05,30.05,30.05
10.07.2014,30,30.1,30,30.05
09.07.2014,29.9,29.9,29.9,29.9
08.07.2014,29.75,29.75,29.75,29.75
07.07.2014,29.6,29.7,29.6,29.7
04.07.2014,29.45,29.5,29.45,29.46
03.07.2014,29.55,29.6,29.55,29.55
02.07.2014,29.75,29.75,29.65,29.7
01.07.2014,29.4,29.7,29.4,29.65
30.06.2014,29.5,29.5,29.45,29.45
27.06.2014,29.35,29.35,29.3,29.35
26.06.2014,29.3,29.3,29.25,29.23
25.06.2014,29.3,29.4,29.3,29.35
24.06.2014,29.15,29.25,29.15,29.25
23.06.2014,29.3,29.4,29.3,29.3
20.06.2014,,,,29.18
19.06.2014,29.2,29.2,29.15,29.2
18.06.2014,29.46,29.46,29.35,29.35
17.06.2014,29.35,29.41,29.35,29.41
16.06.2014,29.35,29.35,29.35,29.35
13.06.2014,29.35,29.35,29.35,29.24
12.06.2014,29.15,29.2,29.15,29.2
11.06.2014,29.05,29.1,29.05,29.13
10.06.2014,,,,28.85
06.06.2014,,,,28.93
05.06.2014,29,29,29,29
04.06.2014,29,29.1,29,29
03.06.2014,28.9,29,28.9,28.95
02.06.2014,29.05,29.05,28.95,29
30.05.2014,29.15,29.15,29.15,29.15
28.05.2014,29.05,29.15,29.05,29.15
27.05.2014,29,29,28.95,28.95
26.05.2014,28.85,29,28.85,29
23.05.2014,28.7,28.95,28.7,28.7
22.05.2014,28.75,28.75,28.65,28.65
21.05.2014,28.6,28.7,28.6,28.67
20.05.2014,28.45,28.5,28.45,28.45
19.05.2014,28.5,28.5,28.5,28.53
