Date,Open,High,Low,Close
12.04.2016,22.7,22.8,22.6,22.7
11.04.2016,22.4,22.67,22.3,22.65
08.04.2016,22.2,22.45,22.2,22.3
07.04.2016,22.5,22.5,22.1,22.21
06.04.2016,22.4,22.48,22.35,22.41
05.04.2016,22.3,22.3,22.11,22.18
04.04.2016,22.3,22.49,22.2,22.4
01.04.2016,22.45,22.7,22.4,22.51
31.03.2016,22.15,22.49,22,22.4
30.03.2016,21.95,22.25,21.95,22.21
29.03.2016,21.95,22.05,21.9,21.98
24.03.2016,21.75,22.1,21.75,21.94
23.03.2016,22,22.05,21.85,21.89
22.03.2016,22.25,22.25,21.91,22.13
21.03.2016,22.05,22.38,21.91,22.21
18.03.2016,22.1,22.45,21.95,22.3
17.03.2016,21.9,22.12,21.8,21.95
16.03.2016,21.65,21.94,21.65,21.91
15.03.2016,21.6,21.65,21.5,21.53
14.03.2016,22.11,22.11,21.65,21.85
11.03.2016,22.05,22.3,22.05,22.25
10.03.2016,22.3,22.3,21.9,22.05
09.03.2016,22.25,22.5,22.1,22.38
08.03.2016,22.5,22.55,22.15,22.3
07.03.2016,21.75,22.45,21.75,22.25
04.03.2016,21.75,21.75,21.5,21.63
03.03.2016,21.5,21.7,21.45,21.53
02.03.2016,21.55,21.6,21.4,21.52
01.03.2016,21.6,21.65,21.45,21.5
29.02.2016,21.5,21.54,21.3,21.45
26.02.2016,21.45,21.75,21.45,21.66
25.02.2016,21.35,21.5,21.3,21.48
24.02.2016,21.45,21.45,21.18,21.32
23.02.2016,21.7,21.9,21.47,21.65
22.02.2016,21.45,21.87,21.45,21.8
19.02.2016,21.45,21.65,21.25,21.3
18.02.2016,21.3,21.54,21.24,21.39
17.02.2016,20.71,21.2,20.65,20.92
16.02.2016,21.3,21.39,20.75,20.85
15.02.2016,21.3,21.4,21.1,21.24
12.02.2016,21,21.4,20.9,21.21
11.02.2016,21.25,21.25,20.65,20.9
10.02.2016,21.2,21.5,20.91,21.15
09.02.2016,21.8,22.05,21.3,21.6
08.02.2016,22.4,22.4,21.8,21.94
05.02.2016,22.51,22.51,22.35,22.36
04.02.2016,23.25,23.25,22.55,22.85
03.02.2016,22.9,23.1,22.8,23.02
02.02.2016,22.7,23,22.65,22.66
01.02.2016,23.25,23.25,22.85,22.9
29.01.2016,23.75,23.75,23.39,23.59
28.01.2016,23.7,23.9,23.6,23.86
27.01.2016,23.5,23.7,23.28,23.6
26.01.2016,22.71,23.55,22.7,23.17
25.01.2016,23.65,23.65,22.9,23.13
22.01.2016,23.4,23.9,23.3,23.8
21.01.2016,23.21,23.25,22.65,22.75
20.01.2016,23.45,23.56,23.21,23.44
19.01.2016,23.8,24.1,23.72,23.76
18.01.2016,23.32,23.8,23.2,23.59
15.01.2016,24.18,24.18,23.6,23.8
14.01.2016,24.4,24.4,24.25,24.26
13.01.2016,24.6,24.67,24.45,24.6
12.01.2016,24.55,24.75,24.4,24.65
11.01.2016,25.22,25.22,24.7,24.92
08.01.2016,25.5,25.6,25.27,25.29
07.01.2016,25.4,25.65,25.4,25.54
06.01.2016,25.95,26.05,25.65,25.8
05.01.2016,26.25,26.25,25.7,25.8
04.01.2016,26.3,26.35,26.16,26.32
30.12.2015,26.63,26.64,26.57,26.61
29.12.2015,26.65,26.7,26.57,26.7
28.12.2015,26.59,26.6,26.54,26.54
23.12.2015,26.45,26.47,26.31,26.41
22.12.2015,26.4,26.5,26.4,26.47
21.12.2015,26.34,26.42,26.2,26.4
18.12.2015,26.5,26.5,26.35,26.42
17.12.2015,26.45,26.59,26.4,26.54
16.12.2015,26.65,26.65,26.49,26.58
15.12.2015,26.45,26.7,26.32,26.65
14.12.2015,26.51,26.51,26.22,26.43
11.12.2015,26.9,26.9,26.65,26.72
10.12.2015,26.85,26.95,26.85,26.99
09.12.2015,27.05,27.05,26.8,27.01
08.12.2015,27.1,27.1,26.94,26.95
07.12.2015,27.3,27.3,27.22,27.23
04.12.2015,27.45,27.5,27.4,27.38
03.12.2015,27.4,27.45,27.35,27.36
02.12.2015,27.7,27.7,27.4,27.4
01.12.2015,27.8,27.8,27.7,27.78
30.11.2015,27.6,27.85,27.6,27.76
27.11.2015,27.7,27.75,27.68,27.67
26.11.2015,27.75,27.76,27.65,27.75
25.11.2015,27.75,27.75,27.6,27.65
24.11.2015,27.7,27.75,27.63,27.71
23.11.2015,27.6,27.65,27.5,27.57
20.11.2015,27.7,27.85,27.58,27.58
19.11.2015,27.5,27.7,27.5,27.67
18.11.2015,27.35,27.5,27.13,27.43
17.11.2015,26.8,27.4,26.75,27.18
16.11.2015,27.15,27.3,26.9,26.99
13.11.2015,27.1,27.15,26.95,26.99
12.11.2015,27.37,27.37,27.05,27.15
11.11.2015,27.9,27.95,27.4,27.55
10.11.2015,27.75,28,27.75,27.9
09.11.2015,28.1,28.1,27.8,27.96
06.11.2015,28.38,28.39,28.25,28.35
05.11.2015,28.5,28.5,28.35,28.4
04.11.2015,28.6,28.75,28.4,28.53
03.11.2015,28.35,28.6,28.35,28.55
02.11.2015,28.35,28.5,28.35,28.46
30.10.2015,28.7,28.7,28.5,28.66
29.10.2015,28.35,28.75,28.35,28.63
28.10.2015,28.37,28.37,28.2,28.35
27.10.2015,28.59,28.59,28.25,28.35
26.10.2015,28.1,28.39,28.1,28.28
23.10.2015,28,28.25,28,28.11
22.10.2015,27.8,27.92,27.8,27.93
21.10.2015,27.9,27.95,27.77,27.81
20.10.2015,28.04,28.05,27.95,27.95
19.10.2015,28.25,28.25,28.1,28.12
16.10.2015,28.05,28.15,28.05,28.14
15.10.2015,28.1,28.2,28.1,28.21
14.10.2015,28,28.1,28,28.09
13.10.2015,28.25,28.25,28.09,28.09
12.10.2015,28.45,28.5,28.28,28.33
09.10.2015,28.5,28.57,28.45,28.55
08.10.2015,28.4,28.45,28.2,28.31
07.10.2015,28.55,28.55,28.38,28.48
06.10.2015,28.25,28.47,28.25,28.38
05.10.2015,28.2,28.25,28.2,28.25
02.10.2015,28.25,28.25,27.95,28.03
01.10.2015,28.4,28.45,28.27,28.38
30.09.2015,28.3,28.39,28.3,28.38
29.09.2015,28.2,28.35,28.2,28.26
28.09.2015,28.51,28.51,28.25,28.28
25.09.2015,28.65,28.68,28.62,28.68
24.09.2015,28.8,28.8,28.72,28.75
23.09.2015,28.9,29,28.9,28.96
22.09.2015,28.9,28.9,28.79,28.79
21.09.2015,28.9,28.9,28.8,28.84
18.09.2015,29.1,29.13,28.95,28.95
17.09.2015,29.35,29.35,29.15,29.25
16.09.2015,29.25,29.3,29.15,29.2
15.09.2015,29.3,29.3,29.14,29.21
14.09.2015,29.5,29.57,29.48,29.53
11.09.2015,29.58,29.65,29.57,29.65
10.09.2015,29.55,29.6,29.46,29.47
09.09.2015,29.6,29.6,29.5,29.58
08.09.2015,29.25,29.5,29.25,29.42
07.09.2015,29.5,29.5,29.25,29.35
04.09.2015,29.8,29.8,29.58,29.6
03.09.2015,29.6,29.95,29.6,29.9
02.09.2015,29.45,29.55,29.45,29.54
01.09.2015,29.7,29.7,29.5,29.48
31.08.2015,29.7,29.7,29.65,29.68
28.08.2015,29.8,29.8,29.64,29.66
27.08.2015,29.3,29.6,29.3,29.55
26.08.2015,29.4,29.5,29.18,29.25
25.08.2015,29.2,29.35,29.2,29.29
24.08.2015,29.6,29.6,29.1,29.14
21.08.2015,30,30.02,29.81,29.84
20.08.2015,30.3,30.3,30.08,30.12
19.08.2015,30.35,30.35,30.25,30.26
18.08.2015,30.35,30.36,30.26,30.27
17.08.2015,30.55,30.55,30.4,30.42
14.08.2015,30.45,30.55,30.45,30.55
13.08.2015,30.5,30.5,30.4,30.4
12.08.2015,30.35,30.4,30.3,30.38
11.08.2015,30.5,30.55,30.37,30.37
10.08.2015,30.35,30.45,30.35,30.42
07.08.2015,30.5,30.55,30.32,30.4
06.08.2015,30.48,30.63,30.48,30.56
05.08.2015,30.55,30.6,30.45,30.6
04.08.2015,30.6,30.7,30.55,30.55
03.08.2015,30.81,30.81,30.54,30.55
31.07.2015,31.05,31.05,30.75,30.81
30.07.2015,31.35,31.35,31.08,31.13
29.07.2015,31.05,31.14,30.98,31.13
28.07.2015,31.15,31.15,31.02,31.07
27.07.2015,31.25,31.27,31.2,31.22
24.07.2015,31.38,31.4,31.37,31.39
23.07.2015,31.62,31.62,31.37,31.4
22.07.2015,31.6,31.6,31.55,31.61
21.07.2015,31.9,31.9,31.67,31.69
20.07.2015,31.65,31.8,31.65,31.7
17.07.2015,31.55,31.6,31.55,31.6
16.07.2015,31.49,31.57,31.49,31.57
15.07.2015,31.65,31.65,31.55,31.57
14.07.2015,31.65,31.75,31.57,31.6
13.07.2015,31.55,31.7,31.55,31.66
10.07.2015,31.5,31.55,31.44,31.47
09.07.2015,31.25,31.53,31.25,31.52
08.07.2015,31.26,31.32,31.21,31.28
07.07.2015,31.23,31.34,31.2,31.33
06.07.2015,31.41,31.41,31.3,31.37
03.07.2015,31.6,31.6,31.55,31.57
02.07.2015,31.55,31.7,31.45,31.7
01.07.2015,31.7,31.7,31.61,31.62
30.06.2015,31.55,31.6,31.55,31.58
29.06.2015,31.6,31.6,31.5,31.6
26.06.2015,31.7,31.81,31.55,31.69
25.06.2015,31.5,31.65,31.5,31.65
24.06.2015,31.3,31.4,31.3,31.37
23.06.2015,31.4,31.51,31.4,31.44
22.06.2015,31.3,31.4,31.25,31.35
19.06.2015,31.2,31.25,31.2,31.25
18.06.2015,31.14,31.18,31.14,31.15
17.06.2015,31.2,31.25,31.13,31.18
16.06.2015,31.2,31.2,31.15,31.24
15.06.2015,31.3,31.33,31.3,31.35
12.06.2015,31.2,31.35,31.2,31.35
11.06.2015,31.25,31.25,31.2,31.25
10.06.2015,31.35,31.35,31,31.2
09.06.2015,31.35,31.4,31.35,31.4
08.06.2015,31.5,31.55,31.45,31.45
05.06.2015,31.6,31.6,31.6,31.58
04.06.2015,31.58,31.58,31.58,31.62
03.06.2015,31.75,31.8,31.72,31.73
02.06.2015,31.7,31.85,31.7,31.81
01.06.2015,31.6,31.6,31.53,31.6
29.05.2015,31.6,31.7,31.6,31.64
28.05.2015,31.5,31.6,31.5,31.53
27.05.2015,31.35,31.45,31.35,31.4
26.05.2015,31.45,31.5,31.4,31.51
22.05.2015,31.25,31.35,31.25,31.31
21.05.2015,31.4,31.4,31.25,31.28
20.05.2015,31.5,31.55,31.4,31.48
19.05.2015,31.63,31.7,31.45,31.73
18.05.2015,31.85,31.9,31.85,31.88
15.05.2015,31.9,31.95,31.9,31.96
14.05.2015,,,,31.88
13.05.2015,31.85,31.95,31.85,31.95
12.05.2015,32,32.01,31.89,31.9
11.05.2015,31.7,32,31.7,31.95
08.05.2015,31.7,31.75,31.7,31.75
07.05.2015,31.8,31.8,31.64,31.71
06.05.2015,32,32.05,31.85,31.98
05.05.2015,32.05,32.05,31.95,32.02
04.05.2015,32,32,32,32.01
30.04.2015,32.15,32.15,31.99,31.96
29.04.2015,32,32,31.95,32.01
28.04.2015,31.9,31.95,31.9,31.96
27.04.2015,32.1,32.15,32.1,32.03
24.04.2015,31.9,32.1,31.9,32.05
23.04.2015,31.75,31.9,31.7,31.84
22.04.2015,31.86,31.9,31.8,31.83
21.04.2015,31.95,31.95,31.9,31.96
20.04.2015,31.8,31.95,31.8,31.88
17.04.2015,31.65,31.7,31.63,31.71
16.04.2015,31.6,31.65,31.48,31.6
15.04.2015,31.43,31.5,31.43,31.49
14.04.2015,31.4,31.55,31.4,31.45
13.04.2015,31.27,31.35,31.26,31.36
10.04.2015,31.4,31.45,31.39,31.47
09.04.2015,31.37,31.5,31.37,31.48
08.04.2015,31.35,31.4,31.3,31.37
07.04.2015,31.55,31.55,31.35,31.38
02.04.2015,31.6,31.68,31.55,31.57
01.04.2015,31.65,31.7,31.53,31.66
31.03.2015,31.65,31.7,31.5,31.63
30.03.2015,31.75,31.75,31.7,31.75
27.03.2015,31.65,31.85,31.65,31.85
26.03.2015,31.75,31.75,31.65,31.7
25.03.2015,31.6,31.75,31.55,31.58
24.03.2015,31.8,31.95,31.75,31.79
23.03.2015,31.7,31.9,31.6,31.9
20.03.2015,31.1,31.7,31.05,31.66
19.03.2015,31.24,31.25,31.2,31.2
18.03.2015,31.1,31.25,31,31.2
17.03.2015,30.9,31.05,30.85,31.01
16.03.2015,31.1,31.1,30.95,31
13.03.2015,30.9,31.2,30.85,31.15
12.03.2015,31.35,31.35,31.05,31.25
11.03.2015,31.25,31.35,31.21,31.31
10.03.2015,31.1,31.1,31,31.1
09.03.2015,31.26,31.3,31.2,31.27
06.03.2015,31.2,31.35,31.2,31.26
05.03.2015,31.7,31.75,31.25,31.45
04.03.2015,31.8,31.8,31.62,31.73
03.03.2015,31.7,31.73,31.65,31.71
02.03.2015,31.9,31.95,31.75,31.85
27.02.2015,32,32.1,31.88,31.96
26.02.2015,32.05,32.05,31.65,31.74
25.02.2015,32.1,32.15,31.85,32
24.02.2015,32.2,32.3,31.75,32.16
23.02.2015,31.57,31.95,31.57,31.95
20.02.2015,31.82,31.82,31.71,31.77
19.02.2015,31.9,31.9,31.7,31.68
18.02.2015,32.45,32.45,32.1,32.24
17.02.2015,32.85,32.85,32.5,32.48
16.02.2015,32.72,33.1,32.72,33.01
13.02.2015,32.4,32.75,32.26,32.71
12.02.2015,32.08,32.19,32.03,32.2
11.02.2015,31.95,32.05,31.95,31.95
10.02.2015,32.05,32.1,31.9,32.04
09.02.2015,31.7,31.8,31.68,31.78
06.02.2015,31.85,32,31.8,31.86
05.02.2015,31.6,31.95,31.6,31.79
04.02.2015,31.6,31.65,31.45,31.47
03.02.2015,31.65,31.75,31.62,31.68
02.02.2015,31.65,31.7,31.63,31.64
30.01.2015,31.45,31.45,31.3,31.5
29.01.2015,31.4,31.6,31.4,31.61
28.01.2015,31.2,31.4,31.2,31.3
27.01.2015,31.1,31.2,31.1,31.12
26.01.2015,31.15,31.15,31.03,31.06
23.01.2015,31.2,31.21,31.15,31.21
22.01.2015,31.3,31.44,31.15,31.21
21.01.2015,31.2,31.4,31.2,31.35
20.01.2015,31,31.2,30.9,31.06
19.01.2015,30.95,30.99,30.9,30.95
16.01.2015,31,31,30.85,30.95
15.01.2015,31.05,31.25,31.05,31.15
14.01.2015,31.25,31.35,31.15,31.34
13.01.2015,30.95,31.5,30.91,31.22
12.01.2015,31,31.1,30.87,30.87
09.01.2015,31.2,31.2,31.09,31.18
08.01.2015,31.15,31.15,31,30.94
07.01.2015,30.9,31.2,30.9,31.08
06.01.2015,31.45,31.45,30.9,30.95
05.01.2015,31.8,31.8,31.45,31.5
02.01.2015,32.2,32.2,32.2,32
30.12.2014,32.55,32.55,32.55,32.5
29.12.2014,32.5,32.5,32.5,32.55
23.12.2014,32.7,32.7,32.7,32.74
22.12.2014,32.7,32.7,32.64,32.67
19.12.2014,32.78,32.78,32.75,32.78
18.12.2014,32.85,33,32.85,32.91
17.12.2014,33.05,33.05,32.77,32.8
16.12.2014,33.2,33.23,32.95,33
15.12.2014,33.35,33.35,33.2,33.2
12.12.2014,33.5,33.5,33.43,33.43
11.12.2014,33.5,33.55,33.45,33.51
10.12.2014,33.8,33.8,33.73,33.73
09.12.2014,33.7,33.75,33.7,33.73
08.12.2014,33.65,33.75,33.65,33.75
05.12.2014,33.8,33.9,33.8,33.83
04.12.2014,34,34,33.85,33.87
03.12.2014,33.75,34.05,33.75,34
02.12.2014,34,34.05,33.93,33.93
01.12.2014,33.95,34.15,33.9,34.16
28.11.2014,34.1,34.1,34,34.05
27.11.2014,34.25,34.3,34.15,34.32
26.11.2014,34.9,34.9,34.5,34.55
25.11.2014,34.5,34.65,34.35,34.6
24.11.2014,33.7,34.41,33.7,34.41
21.11.2014,33.35,33.44,33.35,33.46
20.11.2014,33.5,33.5,33.4,33.45
19.11.2014,33.35,33.48,33.35,33.46
18.11.2014,33.2,33.45,33.15,33.35
17.11.2014,32.85,33,32.85,33
14.11.2014,32.9,32.9,32.85,32.85
13.11.2014,33,33,32.85,32.9
12.11.2014,33,33.15,33,33.09
11.11.2014,32.9,33,32.9,33
10.11.2014,32.9,32.9,32.9,32.9
07.11.2014,32.54,32.8,32.54,32.68
06.11.2014,32.55,32.57,32.53,32.55
05.11.2014,32.45,32.53,32.45,32.52
04.11.2014,32.5,32.55,32.45,32.51
03.11.2014,32.55,32.58,32.55,32.56
31.10.2014,32.55,32.55,32.55,32.55
30.10.2014,32.42,32.6,32.42,32.6
29.10.2014,32.3,32.45,32.3,32.44
28.10.2014,32.1,32.25,32.1,32.26
27.10.2014,32.15,32.15,32.15,32.15
24.10.2014,32.3,32.3,32.25,32.26
23.10.2014,32.2,32.25,32.15,32.26
22.10.2014,32.1,32.25,32.1,32.26
21.10.2014,32,32,31.95,31.95
20.10.2014,31.93,32,31.9,32.13
17.10.2014,32.2,32.2,32.08,32.11
16.10.2014,32.1,32.1,32.05,32.06
15.10.2014,31.85,32,31.85,31.95
14.10.2014,31.9,31.95,31.9,31.95
13.10.2014,32,32,31.9,31.95
10.10.2014,32.25,32.25,32.15,32.2
09.10.2014,32.4,32.4,32.35,32.38
08.10.2014,32.15,32.23,32.15,32.28
07.10.2014,32.3,32.3,32.23,32.23
06.10.2014,32.4,32.4,32.3,32.32
03.10.2014,,,,32.45
02.10.2014,32.5,32.55,32.5,32.52
01.10.2014,32.51,32.55,32.5,32.55
30.09.2014,32.45,32.5,32.45,32.56
29.09.2014,32.6,32.6,32.5,32.51
26.09.2014,32.7,32.8,32.65,32.68
25.09.2014,32.65,32.68,32.65,32.68
24.09.2014,32.6,32.7,32.59,32.64
23.09.2014,32.77,32.77,32.63,32.63
22.09.2014,32.8,32.8,32.8,32.78
19.09.2014,32.85,32.85,32.85,32.83
18.09.2014,32.8,32.8,32.8,32.8
17.09.2014,32.8,32.85,32.75,32.8
16.09.2014,32.8,32.8,32.8,32.76
15.09.2014,33,33,32.85,32.87
12.09.2014,33.05,33.05,33.03,33.03
11.09.2014,32.95,33,32.95,33
10.09.2014,32.8,32.95,32.8,32.91
09.09.2014,33.1,33.1,32.9,32.91
08.09.2014,33.15,33.2,33.15,33.18
05.09.2014,33.1,33.12,33.05,33.1
04.09.2014,33.25,33.25,33.05,33.08
03.09.2014,33.19,33.25,33.1,33.21
02.09.2014,33.35,33.35,33.3,33.34
01.09.2014,33.4,33.45,33.4,33.41
29.08.2014,33.33,33.33,33.3,33.34
28.08.2014,33.2,33.25,33.2,33.33
27.08.2014,33.05,33.05,33.05,33.05
26.08.2014,33.1,33.1,33.05,33.06
25.08.2014,33,33,33,33.03
22.08.2014,32.95,32.95,32.91,32.91
21.08.2014,32.95,32.95,32.85,32.87
20.08.2014,32.75,32.85,32.75,32.8
19.08.2014,32.85,32.85,32.8,32.81
18.08.2014,33.05,33.05,32.9,32.97
15.08.2014,33.05,33.13,33.05,33.11
14.08.2014,33.1,33.1,33.1,33.13
13.08.2014,33.1,33.15,33,33.14
12.08.2014,33.1,33.15,33.05,33.06
11.08.2014,33.1,33.1,33.08,33.08
08.08.2014,33.1,33.3,33.05,33.22
07.08.2014,32.95,33.25,32.95,33.18
06.08.2014,33.05,33.05,33.05,33.05
05.08.2014,32.9,33,32.85,32.85
04.08.2014,,,,32.84
01.08.2014,33,33.15,33,33.1
31.07.2014,33,33,32.85,32.9
30.07.2014,32.95,33,32.85,32.93
29.07.2014,33.85,33.85,32.96,33.04
28.07.2014,33.1,33.5,33.1,33.35
25.07.2014,33.05,33.24,33.05,33.2
24.07.2014,32.95,33.05,32.95,32.99
23.07.2014,32.85,32.96,32.8,32.94
22.07.2014,32.45,32.74,32.45,32.67
21.07.2014,32.4,32.4,32.35,32.37
18.07.2014,32.4,32.4,32.33,32.37
17.07.2014,32.3,32.4,32.28,32.3
16.07.2014,32.2,32.2,32.2,32.19
15.07.2014,32.25,32.25,32.2,32.2
14.07.2014,32.25,32.25,32.15,32.16
11.07.2014,32.2,32.2,32.16,32.18
10.07.2014,32.15,32.2,32.15,32.15
09.07.2014,32.2,32.25,32.14,32.16
08.07.2014,32.2,32.2,32.15,32.15
07.07.2014,32.05,32.2,32.05,32.13
04.07.2014,32.15,32.15,32.1,32.11
03.07.2014,32.2,32.25,32.2,32.2
02.07.2014,32.25,32.25,32.23,32.25
01.07.2014,32.17,32.3,32.15,32.28
30.06.2014,32.25,32.25,32.2,32.2
27.06.2014,32.1,32.2,32.1,32.17
26.06.2014,32.1,32.2,32.1,32.15
25.06.2014,32.25,32.25,32.1,32.11
24.06.2014,32.15,32.2,32.1,32.15
23.06.2014,32.15,32.2,32.15,32.15
20.06.2014,32.18,32.2,32.15,32.15
19.06.2014,32.1,32.15,32.1,32.11
18.06.2014,32.3,32.3,32.2,32.21
17.06.2014,32.25,32.35,32.18,32.26
16.06.2014,32.35,32.35,32.25,32.25
13.06.2014,32.25,32.3,32.2,32.25
12.06.2014,32.15,32.2,32.1,32.11
11.06.2014,32.2,32.25,32.15,32.17
10.06.2014,32.25,32.25,32.17,32.18
09.06.2014,,,,32.23
06.06.2014,32.18,32.25,32.18,32.2
05.06.2014,32.3,32.3,32.2,32.23
04.06.2014,32.3,32.33,32.25,32.25
03.06.2014,32.23,32.3,32.2,32.21
02.06.2014,32.25,32.29,32.2,32.25
30.05.2014,32.35,32.35,32.35,32.34
29.05.2014,,,,32.25
28.05.2014,32.45,32.45,32.3,32.33
27.05.2014,32.35,32.4,32.3,32.34
26.05.2014,32.35,32.35,32.35,32.38
23.05.2014,32.5,32.5,32.4,32.41
22.05.2014,32.5,32.5,32.35,32.35
21.05.2014,32.4,32.45,32.4,32.41
20.05.2014,32.3,32.3,32.21,32.22
19.05.2014,32.4,32.45,32.35,32.39
16.05.2014,32.5,32.5,32.45,32.47
15.05.2014,32.5,32.65,32.5,32.64
14.05.2014,32.65,32.7,32.65,32.67
13.05.2014,32.8,32.8,32.7,32.72
12.05.2014,32.8,32.8,32.7,32.71
09.05.2014,32.85,32.85,32.75,32.74
08.05.2014,32.8,32.8,32.75,32.75
07.05.2014,33.15,33.15,32.75,32.8
06.05.2014,33.25,33.25,33.17,33.2
05.05.2014,33.15,33.2,33.15,33.15
02.05.2014,33.25,33.25,33.25,33.25
30.04.2014,33.2,33.25,33.05,33.08
29.04.2014,33.4,33.5,33.3,33.31
28.04.2014,33.5,33.7,33.5,33.6
25.04.2014,33.55,33.55,33.33,33.36
24.04.2014,33.25,33.4,33.25,33.45
23.04.2014,33.15,33.25,33.15,33.15
22.04.2014,33.3,33.3,33.3,33.3
17.04.2014,33.45,33.5,33.35,33.35
16.04.2014,33.4,33.5,33.4,33.46
15.04.2014,33.2,33.2,33.15,33.18
14.04.2014,33.3,33.3,33.15,33.15
11.04.2014,33.15,33.25,33.15,33.13
10.04.2014,32.95,33.05,32.95,32.87
09.04.2014,33,33,32.97,33
08.04.2014,33.2,33.2,32.95,32.99
07.04.2014,33.05,33.15,33.05,33.03
04.04.2014,32.7,32.7,32.7,32.7
03.04.2014,32.75,32.8,32.65,32.7
02.04.2014,33,33,32.95,32.87
01.04.2014,33.25,33.35,33.25,33.34
31.03.2014,33,33.15,33,33.12
28.03.2014,33.55,33.6,33.1,33.08
27.03.2014,33.75,33.75,33.6,33.73
26.03.2014,33.99,34,33.9,34
25.03.2014,34,34.1,33.95,34.06
24.03.2014,34.4,34.4,34.15,34.15
21.03.2014,34.4,34.4,34.4,34.41
20.03.2014,34.25,34.25,34.2,34.25
19.03.2014,34.15,34.2,34.15,34.15
18.03.2014,34.2,34.2,34.15,34.17
17.03.2014,34.36,34.36,34.2,34.21
14.03.2014,34.3,34.5,34.3,34.5
13.03.2014,34.65,34.65,34.4,34.51
12.03.2014,34.55,34.6,34.45,34.53
11.03.2014,34.75,34.75,34.7,34.74
10.03.2014,35.05,35.05,34.85,34.86
07.03.2014,35,35.1,34.95,35.05
06.03.2014,34.9,35.1,34.9,34.91
05.03.2014,35.1,35.1,35.05,35.1
04.03.2014,35.2,35.22,35,35.06
03.03.2014,35.2,35.25,35.2,35.25
28.02.2014,35,35,34.94,34.89
27.02.2014,34.6,34.7,34.55,34.6
26.02.2014,34.3,34.5,34.3,34.48
25.02.2014,34.9,34.9,34.5,34.6
24.02.2014,35.25,35.25,35,35.01
21.02.2014,35.4,35.45,35.4,35.4
20.02.2014,35.5,35.55,35.4,35.43
19.02.2014,35.6,35.6,35.6,35.51
